CATMULL_ROM # Curve type (BSPLINE or CATMULL_ROM)
10 # The number of cross sections.
8 # The number of control points per cross section

0 -1
0.7071 -0.7071
1 0
0.7071 0.7071
0 1
-0.7071 0.7071
-1 0
-0.7071 -0.7071
10
0 0 0 0
0 -20 0

0 -1
0.7071 -0.7071
1 0
0.7071 0.7071
0 1
-0.7071 0.7071
-1 0
-0.7071 -0.7071
9.3
0 0 0 0
0 -15 0

0 -1
0.7071 -0.7071
1 0
0.7071 0.7071
0 1
-0.7071 0.7071
-1 0
-0.7071 -0.7071
8
0 0 0 0
0 -10 0

0 -1
0.7071 -0.7071
1 0
0.7071 0.7071
0 1
-0.7071 0.7071
-1 0
-0.7071 -0.7071
10.5
0 0 0 0
0 -5 0

0 -1
0.7071 -0.7071
1 0
0.7071 0.7071
0 1
-0.7071 0.7071
-1 0
-0.7071 -0.7071
13
0 0 0 0
0 0 0

0 -1
0.7071 -0.7071
1 0
0.7071 0.7071
0 1
-0.7071 0.7071
-1 0
-0.7071 -0.7071
14
0 0 0 0
0 5 0

0 -1
0.7071 -0.7071
1 0
0.7071 0.7071
0 1
-0.7071 0.7071
-1 0
-0.7071 -0.7071
13
0 0 0 0
0 10 0

0 -1
0.7071 -0.7071
1 0
0.7071 0.7071
0 1
-0.7071 0.7071
-1 0
-0.7071 -0.7071
10.5
0 0 0 0
0 15 0

0 -1
0.7071 -0.7071
1 0
0.7071 0.7071
0 1
-0.7071 0.7071
-1 0
-0.7071 -0.7071
4.5
0 0 0 0
0 19 0

0 -1
0.7071 -0.7071
1 0
0.7071 0.7071
0 1
-0.7071 0.7071
-1 0
-0.7071 -0.7071
4
0 0 0 0
0 21.5 0