CATMULL_ROM # Curve type (BSPLINE or CATMULL_ROM)
7 # The number of cross sections.
8 # The number of control points per cross section

0 -2
1.41421 -1.41421
2 0
1.41421 1.41421
0 2
-1.41421 1.41421
-2 0
-1.41421 -1.41421
0.1
0 0 0 0
0 0 0

0 -2
1.41421 -1.41421
2 0
1.41421 1.41421
0 2
-1.41421 1.41421
-2 0
-1.41421 -1.41421
0.3
0 0 0 0
0 1 0

0 -2
1.41421 -1.41421
2 0
1.41421 1.41421
0 2
-1.41421 1.41421
-2 0
-1.41421 -1.41421
0.5
0 0 0 0
0 2 0

0 -2
1.41421 -1.41421
2 0
1.41421 1.41421
0 2
-1.41421 1.41421
-2 0
-1.41421 -1.41421
0.5
0 0 0 0
0 3 0

0 -2
1.41421 -1.41421
2 0
1.41421 1.41421
0 2
-1.41421 1.41421
-2 0
-1.41421 -1.41421
0.5
0 0 0 0
0 4 0

0 -2
1.41421 -1.41421
2 0
1.41421 1.41421
0 2
-1.41421 1.41421
-2 0
-1.41421 -1.41421
0.5
0 0 0 0
0 5 0

0 -2
1.41421 -1.41421
2 0
1.41421 1.41421
0 2
-1.41421 1.41421
-2 0
-1.41421 -1.41421
0.5
0 0 0 0
0 6 0