CATMULL_ROM # Curve type (BSPLINE or CATMULL_ROM)
38 # The number of cross sections.
10 # The number of control points per cross section

0 -2.5
0.3473 -1.9696
1.41421 -1.41421
2 0
1.41421 1.41421
0 2
-1.41421 1.41421
-2 0
-1.41421 -1.41421
-0.3473 -1.9696
0.3
1 0 1 0
0 0 0

0 -2.5
0.3473 -1.9696
1.41421 -1.41421
2 0
1.41421 1.41421
0 2
-1.41421 1.41421
-2 0
-1.41421 -1.41421
-0.3473 -1.9696
0.45
2 0 1 0
0 0.3 0

0 -2.5
0.3473 -1.9696
1.41421 -1.41421
2 0
1.41421 1.41421
0 2
-1.41421 1.41421
-2 0
-1.41421 -1.41421
-0.3473 -1.9696
0.6
3 0 1 0
0 0.6 0

0 -2.5
0.3473 -1.9696
1.41421 -1.41421
2 0
1.41421 1.41421
0 2
-1.41421 1.41421
-2 0
-1.41421 -1.41421
-0.3473 -1.9696
0.75
4 0 1 0
0 0.9 0

0 -2.5
0.3473 -1.9696
1.41421 -1.41421
2 0
1.41421 1.41421
0 2
-1.41421 1.41421
-2 0
-1.41421 -1.41421
-0.3473 -1.9696
0.9
5 0 1 0
0 1.2 0

0 -2.5
0.3473 -1.9696
1.41421 -1.41421
2 0
1.41421 1.41421
0 2
-1.41421 1.41421
-2 0
-1.41421 -1.41421
-0.3473 -1.9696
1.05
6 0 1 0
0 1.5 0

0 -2.5
0.3473 -1.9696
1.41421 -1.41421
2 0
1.41421 1.41421
0 2
-1.41421 1.41421
-2 0
-1.41421 -1.41421
-0.3473 -1.9696
1.2
7 0 1 0
0 1.8 0

0 -2.5
0.3473 -1.9696
1.41421 -1.41421
2 0
1.41421 1.41421
0 2
-1.41421 1.41421
-2 0
-1.41421 -1.41421
-0.3473 -1.9696
1.35
8 0 1 0
0 2.1 0

0 -2.5
0.3473 -1.9696
1.41421 -1.41421
2 0
1.41421 1.41421
0 2
-1.41421 1.41421
-2 0
-1.41421 -1.41421
-0.3473 -1.9696
1.5
9 0 1 0
0 2.4 0

0 -2.5
0.3473 -1.9696
1.41421 -1.41421
2 0
1.41421 1.41421
0 2
-1.41421 1.41421
-2 0
-1.41421 -1.41421
-0.3473 -1.9696
1.5
10 0 1 0
0 2.7 0

0 -2.5
0.3473 -1.9696
1.41421 -1.41421
2 0
1.41421 1.41421
0 2
-1.41421 1.41421
-2 0
-1.41421 -1.41421
-0.3473 -1.9696
1.5
11 0 1 0
0 3.0 0

0 -2.5
0.3473 -1.9696
1.41421 -1.41421
2 0
1.41421 1.41421
0 2
-1.41421 1.41421
-2 0
-1.41421 -1.41421
-0.3473 -1.9696
1.5
12 0 1 0
0 3.3 0

0 -2.5
0.3473 -1.9696
1.41421 -1.41421
2 0
1.41421 1.41421
0 2
-1.41421 1.41421
-2 0
-1.41421 -1.41421
-0.3473 -1.9696
1.5
13 0 1 0
0 3.6 0

0 -2.5
0.3473 -1.9696
1.41421 -1.41421
2 0
1.41421 1.41421
0 2
-1.41421 1.41421
-2 0
-1.41421 -1.41421
-0.3473 -1.9696
1.5
14 0 1 0
0 3.9 0

0 -2.5
0.3473 -1.9696
1.41421 -1.41421
2 0
1.41421 1.41421
0 2
-1.41421 1.41421
-2 0
-1.41421 -1.41421
-0.3473 -1.9696
1.5
15 0 1 0
0 4.2 0

0 -2.5
0.3473 -1.9696
1.41421 -1.41421
2 0
1.41421 1.41421
0 2
-1.41421 1.41421
-2 0
-1.41421 -1.41421
-0.3473 -1.9696
1.5
16 0 1 0
0 4.5 0

0 -2.5
0.3473 -1.9696
1.41421 -1.41421
2 0
1.41421 1.41421
0 2
-1.41421 1.41421
-2 0
-1.41421 -1.41421
-0.3473 -1.9696
1.5
17 0 1 0
0 4.8 0

0 -2.5
0.3473 -1.9696
1.41421 -1.41421
2 0
1.41421 1.41421
0 2
-1.41421 1.41421
-2 0
-1.41421 -1.41421
-0.3473 -1.9696
1.5
18 0 1 0
0 5.1 0

0 -2.5
0.3473 -1.9696
1.41421 -1.41421
2 0
1.41421 1.41421
0 2
-1.41421 1.41421
-2 0
-1.41421 -1.41421
-0.3473 -1.9696
1.5
19 0 1 0
0 5.4 0

0 -2.5
0.3473 -1.9696
1.41421 -1.41421
2 0
1.41421 1.41421
0 2
-1.41421 1.41421
-2 0
-1.41421 -1.41421
-0.3473 -1.9696
1.5
20 0 1 0
0 5.7 0

0 -2.5
0.3473 -1.9696
1.41421 -1.41421
2 0
1.41421 1.41421
0 2
-1.41421 1.41421
-2 0
-1.41421 -1.41421
-0.3473 -1.9696
1.5
21 0 1 0
0 6.0 0

0 -2.5
0.3473 -1.9696
1.41421 -1.41421
2 0
1.41421 1.41421
0 2
-1.41421 1.41421
-2 0
-1.41421 -1.41421
-0.3473 -1.9696
1.5
22 0 1 0
0 6.3 0

0 -2.5
0.3473 -1.9696
1.41421 -1.41421
2 0
1.41421 1.41421
0 2
-1.41421 1.41421
-2 0
-1.41421 -1.41421
-0.3473 -1.9696
1.5
23 0 1 0
0 6.6 0

0 -2.5
0.3473 -1.9696
1.41421 -1.41421
2 0
1.41421 1.41421
0 2
-1.41421 1.41421
-2 0
-1.41421 -1.41421
-0.3473 -1.9696
1.5
24 0 1 0
0 6.9 0

0 -2.5
0.3473 -1.9696
1.41421 -1.41421
2 0
1.41421 1.41421
0 2
-1.41421 1.41421
-2 0
-1.41421 -1.41421
-0.3473 -1.9696
1.5
25 0 1 0
0 7.2 0

0 -2.5
0.3473 -1.9696
1.41421 -1.41421
2 0
1.41421 1.41421
0 2
-1.41421 1.41421
-2 0
-1.41421 -1.41421
-0.3473 -1.9696
1.5
26 0 1 0
0 7.5 0

0 -2.5
0.3473 -1.9696
1.41421 -1.41421
2 0
1.41421 1.41421
0 2
-1.41421 1.41421
-2 0
-1.41421 -1.41421
-0.3473 -1.9696
1.5
27 0 1 0
0 7.8 0

0 -2.5
0.3473 -1.9696
1.41421 -1.41421
2 0
1.41421 1.41421
0 2
-1.41421 1.41421
-2 0
-1.41421 -1.41421
-0.3473 -1.9696
1.5
28 0 1 0
0 8.1 0

0 -2.5
0.3473 -1.9696
1.41421 -1.41421
2 0
1.41421 1.41421
0 2
-1.41421 1.41421
-2 0
-1.41421 -1.41421
-0.3473 -1.9696
1.5
29 0 1 0
0 8.4 0

0 -2.5
0.3473 -1.9696
1.41421 -1.41421
2 0
1.41421 1.41421
0 2
-1.41421 1.41421
-2 0
-1.41421 -1.41421
-0.3473 -1.9696
1.5
30 0 1 0
0 8.7 0

0 -2.5
0.3473 -1.9696
1.41421 -1.41421
2 0
1.41421 1.41421
0 2
-1.41421 1.41421
-2 0
-1.41421 -1.41421
-0.3473 -1.9696
1.5
31 0 1 0
0 9.0 0

0 -2.5
0.3473 -1.9696
1.41421 -1.41421
2 0
1.41421 1.41421
0 2
-1.41421 1.41421
-2 0
-1.41421 -1.41421
-0.3473 -1.9696
1.5
32 0 1 0
0 9.3 0

0 -2.5
0.3473 -1.9696
1.41421 -1.41421
2 0
1.41421 1.41421
0 2
-1.41421 1.41421
-2 0
-1.41421 -1.41421
-0.3473 -1.9696
1.5
33 0 1 0
0 9.6 0

0 -2.5
0.3473 -1.9696
1.41421 -1.41421
2 0
1.41421 1.41421
0 2
-1.41421 1.41421
-2 0
-1.41421 -1.41421
-0.3473 -1.9696
1.5
34 0 1 0
0 9.9 0

0 -2.5
0.3473 -1.9696
1.41421 -1.41421
2 0
1.41421 1.41421
0 2
-1.41421 1.41421
-2 0
-1.41421 -1.41421
-0.3473 -1.9696
1.5
35 0 1 0
0 10.2 0

0 -2.5
0.3473 -1.9696
1.41421 -1.41421
2 0
1.41421 1.41421
0 2
-1.41421 1.41421
-2 0
-1.41421 -1.41421
-0.3473 -1.9696
1.5
36 0 1 0
0 10.5 0

0 -3
0 -3
2.1213 -2.1213
3 0
2.1213 2.1213
0 3
-2.1213 2.1213
-3 0
-2.1213 -2.1213
-2.1213 -2.1213
1.5
0 0 0 0
0 10.5 0

0 -3
0 -3
2.1213 -2.1213
3 0
2.1213 2.1213
0 3
-2.1213 2.1213
-3 0
-2.1213 -2.1213
-2.1213 -2.1213
1.5
0 0 0 0
0 12.0 0